[gd_scene load_steps=9 format=2]

[ext_resource path="res://game/Player.tscn" type="PackedScene" id=1]
[ext_resource path="res://game/Level.gd" type="Script" id=2]
[ext_resource path="res://game/DieBox.tscn" type="PackedScene" id=3]
[ext_resource path="res://assets/SimpleSky.tscn" type="PackedScene" id=4]
[ext_resource path="res://game/Collectible.tscn" type="PackedScene" id=5]
[ext_resource path="res://game/MovingPlatform.gd" type="Script" id=6]

[sub_resource type="SpatialMaterial" id=6]
params_diffuse_mode = 4
albedo_color = Color( 0.372549, 0.372549, 0.372549, 1 )
metallic = 1.0
metallic_specular = 0.3
roughness = 0.45

[sub_resource type="BoxShape" id=7]
extents = Vector3( 5, 1, 5 )

[node name="TestLevel" type="Spatial"]
script = ExtResource( 2 )
next_level = "res://game/TestLevel.tscn"

[node name="Player" parent="." instance=ExtResource( 1 )]
transform = Transform( 1, 0, 0, 0, 0.993776, 0.1114, 0, -0.1114, 0.993776, 0.0284064, 2.38419e-07, -0.0269072 )

[node name="CSGBox" type="CSGBox" parent="."]
transform = Transform( 1, 0, 0, 0, 1, 0, 0, 0, 1, 0, -4, 0 )
use_collision = true
width = 54.0
depth = 46.0
material = SubResource( 6 )

[node name="CSGBox2" type="CSGBox" parent="."]
transform = Transform( 1, 0, 0, 0, 0.965926, -0.258819, 0, 0.258819, 0.965926, 0, 0, -30 )
use_collision = true
width = 54.0
depth = 46.0
material = SubResource( 6 )

[node name="CSGBox6" type="CSGBox" parent="."]
transform = Transform( 1, 0, 0, 0, 0.965926, 0.258819, 0, -0.258819, 0.965926, 0, 0, 30 )
use_collision = true
width = 54.0
depth = 46.0
material = SubResource( 6 )

[node name="CSGBox3" type="CSGBox" parent="."]
transform = Transform( 1, 0, 0, 0, 0.866025, -0.5, 0, 0.5, 0.866025, 0, 8, -49 )
use_collision = true
width = 54.0
depth = 46.0
material = SubResource( 6 )

[node name="CSGBox7" type="CSGBox" parent="."]
transform = Transform( 1, 0, 0, 0, 0.866025, 0.5, 0, -0.5, 0.866025, 0, 8, 49 )
use_collision = true
width = 54.0
depth = 46.0
material = SubResource( 6 )

[node name="CSGBox4" type="CSGBox" parent="."]
transform = Transform( 1, 0, 0, 0, 0.707107, -0.707107, 0, 0.707107, 0.707107, 0, 15, -63 )
use_collision = true
width = 54.0
depth = 46.0
material = SubResource( 6 )

[node name="CSGBox8" type="CSGBox" parent="."]
transform = Transform( 1, 0, 0, 0, 0.707107, 0.707107, 0, -0.707107, 0.707107, 0, 15, 63 )
use_collision = true
width = 54.0
depth = 46.0
material = SubResource( 6 )

[node name="CSGBox5" type="CSGBox" parent="."]
transform = Transform( 1, 0, 0, 0, 0.5, -0.866025, 0, 0.866025, 0.5, 0, 28, -76 )
use_collision = true
width = 54.0
depth = 46.0
material = SubResource( 6 )

[node name="CSGBox9" type="CSGBox" parent="."]
transform = Transform( 1, 0, 0, 0, 0.5, 0.866025, 0, -0.866025, 0.5, 0, 28, 76 )
use_collision = true
width = 54.0
depth = 46.0
material = SubResource( 6 )

[node name="CSGBox10" type="CSGBox" parent="."]
transform = Transform( 1, 0, 0, 0, 0.258819, 0.965925, 0, -0.965925, 0.258819, 0, 55, 88 )
use_collision = true
width = 54.0
depth = 46.0
material = SubResource( 6 )

[node name="CSGBox11" type="CSGBox" parent="."]
transform = Transform( 1, 0, 0, 0, 0.258819, -0.965925, 0, 0.965925, 0.258819, 0, 55, -88 )
use_collision = true
width = 54.0
depth = 46.0
material = SubResource( 6 )

[node name="MeshInstance" type="MeshInstance" parent="."]
transform = Transform( 1, 0, 0, 0, 1, 0, 0, 0, 1, -281, 55, 0 )
visible = false

[node name="DieBox" parent="." instance=ExtResource( 3 )]
transform = Transform( 20, 0, 0, 0, 2, 0, 0, 0, 20, 0, -32, 0 )

[node name="DirectionalLight2" type="DirectionalLight" parent="."]
transform = Transform( 1, 0, 0, 0, -0.707107, 0.707107, 0, -0.707107, -0.707107, 0, 0, 0 )
light_energy = 5.257
shadow_enabled = true

[node name="SimpleSky" parent="." instance=ExtResource( 4 )]

[node name="Collectible" parent="." instance=ExtResource( 5 )]
transform = Transform( 1, 0, 0, 0, 1, 0, 0, 0, 1, 0, 0, -15 )
unique_id = 1

[node name="MovingPlatform" type="StaticBody" parent="."]
transform = Transform( 1, 0, 0, 0, 1, 0, 0, 0, 1, 0, -3, 6 )
script = ExtResource( 6 )
direction = Vector3( 0, 0, 1 )
distance = 10.0
speed = 2.0

[node name="CollisionShape" type="CollisionShape" parent="MovingPlatform"]
shape = SubResource( 7 )

[node name="CSGBox" type="CSGBox" parent="MovingPlatform"]
width = 10.0
depth = 10.0
