[gd_scene load_steps=2 format=2]

[ext_resource path="res://game/Player.tscn" type="PackedScene" id=1]

[node name="TestLevel" type="Spatial"]

[node name="Player" parent="." instance=ExtResource( 1 )]

[node name="CSGBox" type="CSGBox" parent="."]
transform = Transform( 1, 0, 0, 0, 1, 0, 0, 0, 1, 0, -4, 0 )
use_collision = true
width = 54.0
depth = 46.0

[node name="CSGBox2" type="CSGBox" parent="."]
transform = Transform( 1, 0, 0, 0, 0.965926, -0.258819, 0, 0.258819, 0.965926, 0, 0, -30 )
use_collision = true
width = 54.0
depth = 46.0

[node name="CSGBox6" type="CSGBox" parent="."]
transform = Transform( 1, 0, 0, 0, 0.965926, 0.258819, 0, -0.258819, 0.965926, 0, 0, 30 )
use_collision = true
width = 54.0
depth = 46.0

[node name="CSGBox3" type="CSGBox" parent="."]
transform = Transform( 1, 0, 0, 0, 0.866025, -0.5, 0, 0.5, 0.866025, 0, 8, -49 )
use_collision = true
width = 54.0
depth = 46.0

[node name="CSGBox7" type="CSGBox" parent="."]
transform = Transform( 1, 0, 0, 0, 0.866025, 0.5, 0, -0.5, 0.866025, 0, 8, 49 )
use_collision = true
width = 54.0
depth = 46.0

[node name="CSGBox4" type="CSGBox" parent="."]
transform = Transform( 1, 0, 0, 0, 0.707107, -0.707107, 0, 0.707107, 0.707107, 0, 15, -63 )
use_collision = true
width = 54.0
depth = 46.0

[node name="CSGBox8" type="CSGBox" parent="."]
transform = Transform( 1, 0, 0, 0, 0.707107, 0.707107, 0, -0.707107, 0.707107, 0, 15, 63 )
use_collision = true
width = 54.0
depth = 46.0

[node name="CSGBox5" type="CSGBox" parent="."]
transform = Transform( 1, 0, 0, 0, 0.5, -0.866025, 0, 0.866025, 0.5, 0, 28, -76 )
use_collision = true
width = 54.0
depth = 46.0

[node name="CSGBox9" type="CSGBox" parent="."]
transform = Transform( 1, 0, 0, 0, 0.5, 0.866025, 0, -0.866025, 0.5, 0, 28, 76 )
