[gd_scene load_steps=7 format=2]

[ext_resource path="res://game/Player.tscn" type="PackedScene" id=1]
[ext_resource path="res://game/Level.gd" type="Script" id=2]
[ext_resource path="res://game/DieBox.tscn" type="PackedScene" id=3]

[sub_resource type="SpatialMaterial" id=6]
params_diffuse_mode = 4
albedo_color = Color( 0.501961, 0.501961, 0.501961, 1 )
metallic = 1.0
roughness = 0.0

[sub_resource type="ProceduralSky" id=4]

[sub_resource type="Environment" id=5]
background_mode = 2
background_sky = SubResource( 4 )
tonemap_mode = 4
tonemap_exposure = 1.15
tonemap_white = 1.21
ss_reflections_enabled = true
glow_intensity = 1.36
glow_strength = 0.93
glow_bloom = 0.17

[node name="TestLevel" type="Spatial"]
script = ExtResource( 2 )
next_level = "res://game/TestLevel.tscn"

[node name="Player" parent="." instance=ExtResource( 1 )]
transform = Transform( 1, 0, 0, 0, 0.993776, 0.1114, 0, -0.1114, 0.993776, 0.0284064, 2.38419e-07, -0.0269072 )

[node name="CSGBox" type="CSGBox" parent="."]
transform = Transform( 1, 0, 0, 0, 1, 0, 0, 0, 1, 0, -4, 0 )
use_collision = true
width = 54.0
depth = 46.0
material = SubResource( 6 )

[node name="CSGBox2" type="CSGBox" parent="."]
transform = Transform( 1, 0, 0, 0, 0.965926, -0.258819, 0, 0.258819, 0.965926, 0, 0, -30 )
use_collision = true
width = 54.0
depth = 46.0
material = SubResource( 6 )

[node name="CSGBox6" type="CSGBox" parent="."]
transform = Transform( 1, 0, 0, 0, 0.965926, 0.258819, 0, -0.258819, 0.965926, 0, 0, 30 )
use_collision = true
width = 54.0
depth = 46.0
material = SubResource( 6 )

[node name="CSGBox3" type="CSGBox" parent="."]
transform = Transform( 1, 0, 0, 0, 0.866025, -0.5, 0, 0.5, 0.866025, 0, 8, -49 )
use_collision = true
width = 54.0
depth = 46.0
material = SubResource( 6 )

[node name="CSGBox7" type="CSGBox" parent="."]
transform = Transform( 1, 0, 0, 0, 0.866025, 0.5, 0, -0.5, 0.866025, 0, 8, 49 )
use_collision = true
width = 54.0
depth = 46.0
material = SubResource( 6 )

[node name="CSGBox4" type="CSGBox" parent="."]
transform = Transform( 1, 0, 0, 0, 0.707107, -0.707107, 0, 0.707107, 0.707107, 0, 15, -63 )
use_collision = true
width = 54.0
depth = 46.0
material = SubResource( 6 )

[node name="CSGBox8" type="CSGBox" parent="."]
transform = Transform( 1, 0, 0, 0, 0.707107, 0.707107, 0, -0.707107, 0.707107, 0, 15, 63 )
use_collision = true
width = 54.0
depth = 46.0
material = SubResource( 6 )

[node name="CSGBox5" type="CSGBox" parent="."]
transform = Transform( 1, 0, 0, 0, 0.5, -0.866025, 0, 0.866025, 0.5, 0, 28, -76 )
use_collision = true
width = 54.0
depth = 46.0
material = SubResource( 6 )

[node name="CSGBox9" type="CSGBox" parent="."]
transform = Transform( 1, 0, 0, 0, 0.5, 0.866025, 0, -0.866025, 0.5, 0, 28, 76 )
use_collision = true
width = 54.0
depth = 46.0
material = SubResource( 6 )

[node name="CSGBox10" type="CSGBox" parent="."]
transform = Transform( 1, 0, 0, 0, 0.258819, 0.965925, 0, -0.965925, 0.258819, 0, 55, 88 )
use_collision = true
width = 54.0
depth = 46.0
material = SubResource( 6 )

[node name="CSGBox11" type="CSGBox" parent="."]
transform = Transform( 1, 0, 0, 0, 0.258819, -0.965925, 0, 0.965925, 0.258819, 0, 55, -88 )
use_collision = true
width = 54.0
depth = 46.0
material = SubResource( 6 )

[node name="DirectionalLight" type="DirectionalLight" parent="."]
transform = Transform( 0.965926, -7.71341e-09, -0.258819, 0.258819, 2.87868e-08, 0.965926, 0, -1, 2.98023e-08, 0, 9.81304, 0 )
shadow_enabled = true

[node name="MeshInstance" type="MeshInstance" parent="."]
transform = Transform( 1, 0, 0, 0, 1, 0, 0, 0, 1, -281, 55, 0 )
visible = false

[node name="WorldEnvironment" type="WorldEnvironment" parent="."]
environment = SubResource( 5 )

[node name="DieBox" parent="." instance=ExtResource( 3 )]
transform = Transform( 20, 0, 0, 0, 2, 0, 0, 0, 20, 0, -32, 0 )
